+221708136079
+221708136080
+221708136081
+221708136082
+221708136083
+221708136084         708136084
+221708136084         70813608
+221708136084         08136084
+221708136085
+221708136086
+221708136087
+221708136088
+221708136089
+221708136091
+221708136092
+221708136093
+221708136094
+221708136095
+221708136096
+221708136097
+221708136098
+221708136099
+221708136100
+221708136101
+221708136102         708136102
+221708136102         70813610
+221708136102         08136102
+221708136103
+221708136104
+221708136105
+221708136106
+221708136107
+221708136108
+221708136109
+221708136110
+221708136111
+221708136112
+221708136113
+221708136114
+221708136115
+221708136116
+221708136117
+221708136118
+221708136119
+221708136120
+221708136121
+221708136122
+221708136123
+221708136124
+221708136125
+221708136126
+221708136127
+221708136128
+221708136129
+221708136130
+221708136131
+221708136132
+221708136133         708136133
+221708136133         70813613
+221708136133         08136133
+221708136134
+221708136135
+221708136136
+221708136137
+221708136138
+221708136139
+221708136140
+221708136141
+221708136142
+221708136143
+221708136144
+221708136145
+221708136146
+221708136147
+221708136148
+221708136149
+221708136150
+221708136151
+221708136152
+221708136153
+221708136154
+221708136155
+221708136156
+221708136157
+221708136158
+221708136159
+221708136160
+221708136161         708136161
+221708136161         70813616
+221708136161         08136161
+221708136162
+221708136163
+221708136164
+221708136165
+221708136166
+221708136167
+221708136168
+221708136169
+221708136170
+221708136171
+221708136172
+221708136173
+221708136174         708136174
+221708136174         70813617
+221708136174         08136174
+221708136175
+221708136176         708136176
+221708136176         70813617
+221708136176         08136176
+221708136177
+221708136178
+221708136179
+221708136180
+221708136181
+221708136182
+221708136183
+221708136184         708136184
+221708136184         70813618
+221708136184         08136184
+221708136185
+221708136186
+221708136187
+221708136188
+221708136189
+221708136190
+221708136191         708136191
+221708136191         70813619
+221708136191         08136191
+221708136192
+221708136193
+221708136194
+221708136195
+221708136196
+221708136197
+221708136198
+221708136199
+221708136200
+221708136201
+221708136202
+221708136203
+221708136204
+221708136205
+221708136206
+221708136207         708136207
+221708136207         70813620
+221708136207         08136207
+221708136208
+221708136209
+221708136210
+221708136211
+221708136212
+221708136213
+221708136214
+221708136215         708136215
+221708136215         70813621
+221708136215         08136215
+221708136216
+221708136217
+221708136218         708136218
+221708136218         70813621
+221708136218         08136218
+221708136219
+221708136220
+221708136221
+221708136222
+221708136223
+221708136224
+221708136225         708136225
+221708136225         70813622
+221708136225         08136225
+221708136226
+221708136227
+221708136228
+221708136229
+221708136230         708136230
+221708136230         70813623
+221708136230         08136230
+221708136231
+221708136232
+221708136233
+221708136234
+221708136235
+221708136236
+221708136237         708136237
+221708136237         70813623
+221708136237         08136237
+221708136238
+221708136239
+221708136240
+221708136241
+221708136242
+221708136243
+221708136244
+221708136245
+221708136246
+221708136247
+221708136248
+221708136249         708136249
+221708136249         70813624
+221708136249         08136249
+221708136250
+221708136251
+221708136252
+221708136253
+221708136254
+221708136255
+221708136256
+221708136257
+221708136258
+221708136259
+221708136260
+221708136261
+221708136262
+221708136263
+221708136264
+221708136265
+221708136266
+221708136267
+221708136268
+221708136269
+221708136270
+221708136271
+221708136272
+221708136273
+221708136274
+221708136275         708136275
+221708136275         70813627
+221708136275         08136275
+221708136276
+221708136277
+221708136278
+221708136279
+221708136280         708136280
+221708136280         70813628
+221708136280         08136280
+221708136281
+221708136282
+221708136283
+221708136284
+221708136285
+221708136286
+221708136287
+221708136288
+221708136289         708136289
+221708136289         70813628
+221708136289         08136289
+221708136290
+221708136291
+221708136292
+221708136293
+221708136294
+221708136295
+221708136296
+221708136297
+221708136298
+221708136299
+221708136300
+221708136301
+221708136302
+221708136303
+221708136304
+221708136305
+221708136306
+221708136307
+221708136308
+221708136309
+221708136310
+221708136311
+221708136312
+221708136313
+221708136314
+221708136315
+221708136316
+221708136317
+221708136318
+221708136319
+221708136320
+221708136321
+221708136322
+221708136323
+221708136324
+221708136325
+221708136326
+221708136327
+221708136328
+221708136329
+221708136330
+221708136331
+221708136332
+221708136333
+221708136334
+221708136335
+221708136336
+221708136337
+221708136338
+221708136339
+221708136340
+221708136341
+221708136342         708136342
+221708136342         70813634
+221708136342         08136342
+221708136343
+221708136344
+221708136345
+221708136346
+221708136347
+221708136348         708136348
+221708136348         70813634
+221708136348         08136348
+221708136349
+221708136350
+221708136351
+221708136352
+221708136353
+221708136354
+221708136355
+221708136356
+221708136357
+221708136358
+221708136359
+221708136360
+221708136361
+221708136362
+221708136363
+221708136364
+221708136365
+221708136366
+221708136367
+221708136368
+221708136369
+221708136370
+221708136371
+221708136372
+221708136373
+221708136374
+221708136375
+221708136376
+221708136377
+221708136378
+221708136379
+221708136380
+221708136381
+221708136382
+221708136383
+221708136384
+221708136385
+221708136386         708136386
+221708136386         70813638
+221708136386         08136386
+221708136387
+221708136388
+221708136389
+221708136390
+221708136391
+221708136392
+221708136393
+221708136394
+221708136395
+221708136396
+221708136397
+221708136398
+221708136399
+221708136400
+221708136401
+221708136402
+221708136403
+221708136405
+221708136406
+221708136407
+221708136408
+221708136409         708136409
+221708136409         70813640
+221708136409         08136409
+221708136410
+221708136411
+221708136412
+221708136413
+221708136414
+221708136415
+221708136416
+221708136417
+221708136418
+221708136419
+221708136420
+221708136421
+221708136422
+221708136423
+221708136424
+221708136425         708136425
+221708136425         70813642
+221708136425         08136425
+221708136426
+221708136427
+221708136428
+221708136429
+221708136430
+221708136431
+221708136432         708136432
+221708136432         70813643
+221708136432         08136432
+221708136433
+221708136434
+221708136435
+221708136436         708136436
+221708136436         70813643
+221708136436         08136436
+221708136437
+221708136438
+221708136439
+221708136440
+221708136441
+221708136442
+221708136443
+221708136444
+221708136445
+221708136446
+221708136447
+221708136448         708136448
+221708136448         70813644
+221708136448         08136448
+221708136449
+221708136450         708136450
+221708136450         70813645
+221708136450         08136450
+221708136451
+221708136452
+221708136453
+221708136454
+221708136455         708136455
+221708136455         70813645
+221708136456
+221708136457
+221708136459
+221708136460
+221708136461
+221708136462
+221708136463
+221708136464
+221708136465
+221708136466
+221708136467
+221708136468
+221708136469
+221708136470
+221708136472
+221708136473
+221708136474
+221708136475
+221708136476
+221708136477
+221708136478
+221708136479
+221708136480
+221708136481
+221708136482
+221708136483
+221708136484
+221708136485
+221708136486
+221708136487
+221708136488
+221708136489
+221708136490
+221708136491
+221708136492
+221708136493
+221708136494
+221708136495
+221708136496
+221708136497
+221708136498
+221708136499
+221708136500
+221708136501
+221708136502
+221708136503
+221708136504
+221708136505
+221708136506
+221708136507
+221708136508
+221708136509
+221708136510
+221708136511
+221708136512
+221708136513
+221708136514
+221708136515
+221708136516
+221708136517
+221708136518
+221708136519
+221708136520
+221708136521
+221708136522
+221708136523
+221708136524
+221708136525
+221708136526
+221708136527
+221708136528
+221708136529
+221708136530
+221708136531
+221708136532
+221708136533
+221708136534
+221708136535
+221708136536
+221708136537
+221708136538
+221708136539
+221708136540
+221708136541
+221708136542
+221708136543
+221708136545
+221708136546         708136546
+221708136546         70813654
+221708136546         08136546
+221708136547
+221708136548
+221708136549
+221708136550
+221708136551
+221708136552
+221708136553
+221708136554
+221708136556
+221708136557
+221708136558
+221708136559
+221708136560
+221708136561
+221708136562
+221708136564
+221708136565
+221708136566
+221708136567
+221708136568
+221708136569
+221708136570
+221708136571
+221708136572
+221708136573
+221708136574
+221708136575
+221708136576
+221708136577
+221708136578         708136578
+221708136578         70813657
+221708136578         08136578
+221708136579
+221708136580
+221708136581
+221708136582
+221708136583
+221708136584
+221708136585
+221708136586
+221708136587
+221708136588
+221708136589
+221708136590
+221708136591
+221708136592
+221708136593
+221708136594
+221708136595
+221708136596
+221708136597         708136597
+221708136597         70813659
+221708136597         08136597
+221708136598
+221708136599
+221708136600
+221708136601
+221708136602
+221708136603
+221708136604
+221708136605
+221708136606
+221708136607
+221708136608
+221708136609
+221708136610
+221708136611
+221708136612
+221708136613
+221708136614
+221708136615
+221708136616
+221708136617
+221708136618
+221708136619
+221708136620
+221708136621
+221708136622
+221708136623
+221708136624
+221708136625
+221708136626
+221708136627
+221708136628
+221708136629
+221708136630
+221708136631
+221708136632
+221708136633
+221708136634         708136634
+221708136634         70813663
+221708136634         08136634
+221708136635
+221708136636
+221708136637
+221708136638
+221708136639
+221708136640
+221708136641
+221708136642
+221708136643
+221708136644
+221708136645
+221708136646
+221708136647
+221708136648
+221708136649
+221708136650
+221708136651
+221708136652
+221708136653
+221708136654
+221708136655
+221708136656
+221708136657
+221708136658
+221708136659
+221708136660
+221708136661
+221708136662
+221708136663
+221708136664
+221708136665
+221708136666
+221708136667
+221708136668
+221708136669
+221708136670
+221708136671
+221708136672
+221708136673
+221708136674
+221708136675
+221708136676
+221708136677
+221708136678
+221708136679
+221708136680
+221708136681
+221708136682
+221708136684
+221708136685
+221708136686
+221708136687
+221708136688
+221708136689
+221708136690
+221708136691
+221708136692
+221708136693         708136693
+221708136693         70813669
+221708136693         08136693
+221708136694
+221708136695
+221708136696
+221708136697
+221708136698
+221708136699
+221708136700
+221708136701
+221708136702
+221708136703
+221708136704
+221708136705
+221708136706
+221708136707
+221708136708
+221708136709
+221708136710
+221708136711
+221708136712
+221708136713
+221708136714
+221708136715
+221708136716
+221708136717
+221708136718
+221708136719
+221708136720
+221708136721
+221708136722
+221708136723
+221708136724
+221708136725
+221708136726         708136726
+221708136726         70813672
+221708136726         08136726
+221708136727
+221708136728
+221708136729
+221708136730
+221708136731
+221708136732
+221708136733
+221708136734
+221708136735
+221708136736
+221708136737
+221708136738
+221708136739
+221708136740
+221708136741
+221708136742
+221708136743
+221708136744
+221708136745
+221708136746
+221708136747
+221708136748
+221708136749
+221708136750
+221708136751
+221708136752
+221708136753
+221708136754
+221708136755
+221708136756
+221708136757
+221708136758
+221708136759
+221708136760
+221708136761         708136761
+221708136761         70813676
+221708136761         08136761
+221708136762
+221708136763
+221708136764
+221708136765
+221708136766
+221708136767
+221708136768
+221708136769         708136769
+221708136769         70813676
+221708136770
+221708136771
+221708136772
+221708136773
+221708136774
+221708136775
+221708136776
+221708136777
+221708136778
+221708136779
+221708136780
+221708136781
+221708136782
+221708136783
+221708136784
+221708136785
+221708136786
+221708136787
+221708136788
+221708136789
+221708136790
+221708136791
+221708136792
+221708136793
+221708136794
+221708136795
+221708136796
+221708136797
+221708136798
+221708136799
+221708136800
+221708136801
+221708136802
+221708136803
+221708136804
+221708136805
+221708136806
+221708136807
+221708136808
+221708136809
+221708136810
+221708136811
+221708136812
+221708136813
+221708136814
+221708136815
+221708136816
+221708136817
+221708136818
+221708136819
+221708136820
+221708136821
+221708136822
+221708136823
+221708136824
+221708136825
+221708136826
+221708136827
+221708136828
+221708136829
+221708136830         708136830
+221708136830         70813683
+221708136830         08136830
+221708136831
+221708136832
+221708136833
+221708136834
+221708136835
+221708136836
+221708136837
+221708136838
+221708136839
+221708136840
+221708136841
+221708136842         708136842
+221708136842         70813684
+221708136842         08136842
+221708136843
+221708136844
+221708136845
+221708136846
+221708136847
+221708136848
+221708136849
+221708136850
+221708136851
+221708136852
+221708136853
+221708136854
+221708136855
+221708136856
+221708136857
+221708136858         708136858
+221708136858         70813685
+221708136858         08136858
+221708136859
+221708136860
+221708136861
+221708136862
+221708136863
+221708136864
+221708136865
+221708136866
+221708136867
+221708136868
+221708136869
+221708136870
+221708136871
+221708136872
+221708136873
+221708136874
+221708136875
+221708136876
+221708136877
+221708136878
+221708136879
+221708136880
+221708136881
+221708136882
+221708136883
+221708136884
+221708136885
+221708136886
+221708136887
+221708136888
+221708136889
+221708136890
+221708136891
+221708136892
+221708136893
+221708136894
+221708136895
+221708136896
+221708136897
+221708136898
+221708136899
+221708136900
+221708136901
+221708136902
+221708136903
+221708136904
+221708136905
+221708136906
+221708136907
+221708136908
+221708136909
+221708136910
+221708136911
+221708136912
+221708136913
+221708136914
+221708136915
+221708136916
+221708136917
+221708136918
+221708136919
+221708136920
+221708136921
+221708136922
+221708136923
+221708136924
+221708136925
+221708136926
+221708136927
+221708136928
+221708136929         708136929
+221708136929         70813692
+221708136929         08136929
+221708136930
+221708136931
+221708136932
+221708136933
+221708136934
+221708136935
+221708136936
+221708136937
+221708136938
+221708136939
+221708136940
+221708136941
+221708136942
+221708136943
+221708136944
+221708136945
+221708136946
+221708136947
+221708136948
+221708136949
+221708136950
+221708136951
+221708136952
+221708136953
+221708136954
+221708136955
+221708136956
+221708136957
+221708136958
+221708136959         708136959
+221708136959         70813695
+221708136959         08136959
+221708136960
+221708136961
+221708136962
+221708136963
+221708136964
+221708136965
+221708136966
+221708136967
+221708136968
+221708136969
+221708136970
+221708136971
+221708136972
+221708136973
+221708136974
+221708136975
+221708136976         708136976
+221708136976         70813697
+221708136976         08136976
+221708136977
+221708136978
+221708136979
+221708136980
+221708136981         708136981
+221708136981         70813698
+221708136981         08136981
+221708136982
+221708136983
+221708136986
+221708136990
+221708137000
+221708137009
+221708137015
+221708137020
+221708137026         708137026
+221708137026         70813702
+221708137026         08137026
+221708137029
+221708137033
+221708137035
+221708137041
+221708137047
+221708137055
+221708137057         708137057
+221708137057         70813705
+221708137057         08137057
+221708137065
+221708137066
+221708137071
+221708137072
+221708137073
+221708137077
+221708137078
+221708137086
+221708137087
+221708137092
+221708137093
+221708137108
+221708137111
+221708137114
+221708137115
+221708137116
+221708137125
+221708137130
+221708137131
+221708137135
+221708137138
+221708137139
+221708137142
+221708137146
+221708137148
+221708137150
+221708137151
+221708137152
+221708137160
+221708137167
+221708137173
+221708137175
+221708137179
+221708137180
+221708137186
+221708137191
+221708137192
+221708137193
+221708137194
+221708137195
+221708137196
+221708137197
+221708137198
+221708137199
+221708137200
+221708137201
+221708137202
+221708137203
+221708137204
+221708137205
+221708137206
+221708137207
+221708137208
+221708137209
+221708137210
+221708137211
+221708137212
+221708137213
+221708137214
+221708137215
+221708137216
+221708137217
+221708137218
+221708137219
+221708137220
+221708137221
+221708137222
+221708137223
+221708137224
+221708137225
+221708137226
+221708137227
+221708137228
+221708137229
+221708137230
+221708137231         708137231
+221708137231         70813723
+221708137231         08137231
+221708137232
+221708137233
+221708137234
+221708137235
+221708137236
+221708137237
+221708137238
+221708137239
+221708137240
+221708137241
+221708137242
+221708137243
+221708137244
+221708137245
+221708137246
+221708137247
+221708137248
+221708137250
+221708137251
+221708137252
+221708137253
+221708137254
+221708137255
+221708137256
+221708137257
+221708137258
+221708137259
+221708137260
+221708137261
+221708137262
+221708137263
+221708137264
+221708137265
+221708137266
+221708137267
+221708137268
+221708137269         708137269
+221708137269         70813726
+221708137269         08137269
+221708137270
+221708137271
+221708137272
+221708137273
+221708137274
+221708137275
+221708137276
+221708137277
+221708137278
+221708137280
+221708137281
+221708137282
+221708137283
+221708137284
+221708137285         708137285
+221708137285         70813728
+221708137285         08137285
+221708137286
+221708137287
+221708137288
+221708137289
+221708137290         708137290
+221708137290         70813729
+221708137290         08137290
+221708137291
+221708137292
+221708137293
+221708137294
+221708137295
+221708137296
+221708137297
+221708137298
+221708137299
+221708137300
+221708137301
+221708137302
+221708137303
+221708137304
+221708137305
+221708137306         708137306
+221708137306         70813730
+221708137307
+221708137308
+221708137309
+221708137310
+221708137311
+221708137312
+221708137313
+221708137314         708137314
+221708137314         70813731
+221708137314         08137314
+221708137315
+221708137316
+221708137317
+221708137318
+221708137319
+221708137320
+221708137321
+221708137322
+221708137323         708137323
+221708137323         70813732
+221708137323         08137323
+221708137324
+221708137325
+221708137326
+221708137327
+221708137328
+221708137329
+221708137330
+221708137331
+221708137332
+221708137333
+221708137334
+221708137335
+221708137336
+221708137337
+221708137338
+221708137339
+221708137340
+221708137341
+221708137342
+221708137343
+221708137344
+221708137345
+221708137346
+221708137347
+221708137348
+221708137349
+221708137350
+221708137351
+221708137352
+221708137353
+221708137354
+221708137355
+221708137356
+221708137357
+221708137358
+221708137359         708137359
+221708137359         70813735
+221708137359         08137359
+221708137360
+221708137361
+221708137362
+221708137363
+221708137364
+221708137365
+221708137366
+221708137367
+221708137368
+221708137369
+221708137370
+221708137371
+221708137372
+221708137373         708137373
+221708137373         70813737
+221708137373         08137373
+221708137374
+221708137375
+221708137376
+221708137377
+221708137378
+221708137379
+221708137380
+221708137381
+221708137382
+221708137383
+221708137384
+221708137385
+221708137386
+221708137387
+221708137388
+221708137389
+221708137390
+221708137391
+221708137392
+221708137393
+221708137394
+221708137395         708137395
+221708137395         70813739
+221708137395         08137395
+221708137396
+221708137397
+221708137398
+221708137399
+221708137400
+221708137401
+221708137402
+221708137403
+221708137404
+221708137405
+221708137406
+221708137407
+221708137408
+221708137409
+221708137410
+221708137411
+221708137412
+221708137413
+221708137414
+221708137415
+221708137416
+221708137417
+221708137418
+221708137419
+221708137420
+221708137421
+221708137422
+221708137423         708137423
+221708137423         70813742
+221708137423         08137423
+221708137424
+221708137425
+221708137426
+221708137427
+221708137428         708137428
+221708137428         70813742
+221708137428         08137428
+221708137429
+221708137430
+221708137431
+221708137432
+221708137433
+221708137434
+221708137435
+221708137436         708137436
+221708137436         70813743
+221708137436         08137436
+221708137437
+221708137438
+221708137439
+221708137440
+221708137441
+221708137442
+221708137443
+221708137444
+221708137445
+221708137446
+221708137447
+221708137448
+221708137449
+221708137450
+221708137451
+221708137452
+221708137453
+221708137454
+221708137455
+221708137456
+221708137457
+221708137458
+221708137459
+221708137460
+221708137461
+221708137462
+221708137463
+221708137464
+221708137465
+221708137466
+221708137467
+221708137468
+221708137469
+221708137470
+221708137471
+221708137472
+221708137473
+221708137474
+221708137475
+221708137476
+221708137477
+221708137478
+221708137479
+221708137480
+221708137481
+221708137482
+221708137483
+221708137484
+221708137485
+221708137486
+221708137487
+221708137488
+221708137489
+221708137490
+221708137491
+221708137492
+221708137493
+221708137494
+221708137495
+221708137496
+221708137497
+221708137498
+221708137499
+221708137500
+221708137501
+221708137502
+221708137503
+221708137504
+221708137505
+221708137506
+221708137507
+221708137508
+221708137509
+221708137510
+221708137511
+221708137512
+221708137513
+221708137514
+221708137515
+221708137516         708137516
+221708137516         70813751
+221708137516         08137516
+221708137517
+221708137518         708137518
+221708137518         70813751
+221708137518         08137518
+221708137519
+221708137520
+221708137521
+221708137522
+221708137523
+221708137524
+221708137525
+221708137526
+221708137527
+221708137528
+221708137529
+221708137530
+221708137531
+221708137532
+221708137533
+221708137534
+221708137535
+221708137536
+221708137537
+221708137538
+221708137539
+221708137540
+221708137541
+221708137542
+221708137543
+221708137544
+221708137545
+221708137546
+221708137547
+221708137548
+221708137549
+221708137550
+221708137551
+221708137552
+221708137553
+221708137554
+221708137555
+221708137556
+221708137557
+221708137558         708137558
+221708137558         70813755
+221708137558         08137558
+221708137559
+221708137560
+221708137561
+221708137562
+221708137563         708137563
+221708137563         70813756
+221708137563         08137563
+221708137564
+221708137565         708137565
+221708137565         70813756
+221708137565         08137565
+221708137566
+221708137567
+221708137568
+221708137569
+221708137570         708137570
+221708137570         70813757
+221708137570         08137570
+221708137571
+221708137572
+221708137573
+221708137574
+221708137575
+221708137576
+221708137577
+221708137578
+221708137579
+221708137580
+221708137581
+221708137582
+221708137583
+221708137584
+221708137585
+221708137586
+221708137587
+221708137588
+221708137589
+221708137590
+221708137591
+221708137592
+221708137593
+221708137594
+221708137595
+221708137596
+221708137597
+221708137598
+221708137599
+221708137600
+221708137601
+221708137602
+221708137603
+221708137604
+221708137605
+221708137606
+221708137607
+221708137608
+221708137609
